-1001112205541
-1001128117087
-1001072169761
-1001105448649
-1001103022375
-1001070104018
-1001053839258
-1001104274193
-1001111212441
-1001132399489
-1001100238370
-1001112884311
-1001130588756
-1001050459244
-1001089745815
-1001145332106
-1001106610534
-1001104293687
-1001131230375
-1001093722912
-1001144480196
-1001140607667
-1001111041528
-1001060509978
-1001133525311
-1001128171204
-1001107542131
-1001115165928
-1001124594063
-1001101027947
-1001111383826
-1001075545369
-1001148462092
-1001125042229
-1001108425447
-1001116666528
-1001087117583
-1001109223875
-1001123287950
-1001079369301
-1001119017409
-1001101651826
-1001120977604
-1001109344540
-1001085048620
-1001134610102
-1001051785292
-1001101801248
-1001093963163
-1001102145935
-1001137327112
-1001099469784
-1001126640346
-1001119945928
-1001116074755
-1001073085022
-1001123847627
-1001063550727
-1001116919124
-1001110008090
-1001108260107
-1001093557278
-1001096123861
-1001087214490
-1001107958447
-1001109434849
-1001146316634
-1001133517424
-1001142678448
-1001138447541
-1001092597474
-1001121981665
-1001114117796
-1001133742021
-1001051204198
-1001090907317
-1001034672877
-1001089036678
-1001115552425
-1001075253432
-1001099951422
-1001124934855
-1001085534255
-1001084324175
-1001112780253
-1001125340699
-1001148635349
-1001125044473
-1001085169718
-1001121401536
-1001107043616
-1001103555318
-1001091667745
-1001144471288
-1001112262271
-1001077032000
-1001064627992
-1001140620827
-1001115313752
-1001079143830
-1001108872810
-1001005576004
-1001091039937
-1001075879261
-1001093945078
-1001079204822
-1001051051044
-1001130658426
-1001080848091
-1001061882910
-1001086175813
-1001108442025
-1001105707472
-1001144965929
-1001111675516
-1001117426052
-1001083407605
-1001115507403
-1001096536613
-1001110802447
-1001058861894
-1001110715603
-1001148684128
-1001119571098
-1001141210852
-1001117688951
-1001124854633
-1001058521862
-1001114664881
-1001127727741
-1001142917946
-1001121701070
-1001095184751
-1001069031222
-1001120006758
-1001140322489
-1001070962408
-1001102500368
-1001112734403
-1001140581490
-1001099088372
-1001112919528
-1001121524330
-1001137625679
-1001105052781
-1001093331899
-1001101474163
-1001080392054
-1001112057676
-1001108043129
-1001085195979
-1001110615826
-1001134343469
-1001114110814
-1001101409293
-1001122198381
-1001118947882
-1001126886807
-1001129057686
-1001115168296
-1001064293546
-1001121012783
-1001127009915
-1001050473830
-1001115109467
-1001102424191
-1001111479491
-1001113462910
-1001120071556
-1001082206926
-1001088686806
-1001082667989
-1001102113260
-1001122169416
-1001084353111
-1001087477957
-1001035555444
-1001136478705
-1001106124533
-1001143947753
-1001079182413
-1001123898605
-1001018943064
-1001078300153
-1001149883789
-1001121423463
-1001101161402
-1001057511455
-1001112367656
-1001137637692
-1001149639984
-1001140364267
-1001104499870
-1001148728283
-1001145561268
-1001070695503
-1001112450837
-1001102236267
-1001111947676
-1001133080331
-1001109146622
-1001143206251
-1001061643357
-1001125473382
-1001098681497
-1001133077439
-1001109728937
-1001051603717
-1001112144601
-1001112942699
-1001090926170
-1001109088154
-1001137136707
-1001143042647
-1001116993484
-1001124238648
-1001146029047
-1001059305052
-1001133546488
-1001121074733
-1001061956188
-1001103243252
-1001117979914
-1001107591982
-1001119786735
-1001118409489
-1001070149433
-1001070619840
-1001141901944
-1001079119678
-1001091820823
-1001147742473
-1001102076479
-1001143644748
-1001115451576
-1001125545639
-1001113758101
-1001034410954
-1001119780604
-1001105186894
-1001106038580
-1001092127991
-1001128849129
-1001145105852
-1001089630505
-1001070156459
-1001144057612
-1001023347891
-1001114574467
-1001053499293
-1001102643605
-1001045648561
-1001129328263
-1001117549733
-1001143215053
-1001147440597
-1001063756223
-1001110475218
-1001091600971
-1001085173168
-1001123282023
-1001097294033
-1001139424751
-1001080751457
-1001111723342
-1001100692809
-1001136049915
-1001140621577
-1001109113990
-1001114824555
-1001134909658
-1001099203267
-1001138825142
-1001125449740
-1001116689036
-1001072194234
-1001113430469
-1001093253034
-1001104059787
-1001124032445
-1001141075316
-1001092307832
-1001134771285
-1001087121553
-1001100057979
-1001105048106
-1001102056282
-1001119253776
-1001072197169
-1001105349500
-1001104296469
-1001048172995
-1001101859558
-1001074161523
-1001109025352
-1001072171741
-1001097506245
-1001110062774
-1001090273917
-1001097174062
-1001083531114
-1001083025121
-1001095667052
-1001113192610
-1001107138114
-1001110634550
-1001113275939
-1001090787939
-1001143338618
-1001090996011
-1001071278996
-1001085639941
-1001101885236
-1001105788537
-1001126352685
-1001088197322
-1001120791369
-1001130830506
-1001109612424
-1001102190183
-1001137077309
-1001111286539
-1001108089273
-1001107425623
-1001072433758
-1001084326140
-1001147136649
-1001095280221
-1001084807427
-1001085598569
-1001136426231
-1001134211068
-1001137568411
-1001101709353
-1001096234147
-1001123757441
-1001105335487
-1001108021952
-1001057938802
-1001090369162
-1001104761517
-1001112100162
-1001062572653
-1001116133215
-1001109041957
-1001106390023
-1001148196574
-1001113186615
-1001136629108
-1001134918630
-1001103354199
-1001064537373
-1001082587618
-1001110450475
-1001026588410
-1001059597434
-1001108743121
-1001114339603
-1001100555685
-1001079689564
-1001149802577
-1001148161074
-1001134700389
-1001143179315
-1001082790630
-1001110705098
-1001073535382
-1001116834116
-1001127759594
-1001050752924
-1001136039521
-1001123485821
-1001144618977
-1001119611868
-1001131707709
-1001107734503
-1001147431515
-1001115638531
-1001139913896
-1001051184809
-1001112336673
-1001104710394
-1001137327375
-1001141176184
-1001134241118
-1001112347006
-1001091192668
-1001117797221
-1001131746377
-1001136059201
-1001116945807
-1001143527627
-1001112620640
-1001124523575
-1001143125174
-1001098378344
-1001102181193
-1001117088102
-1001129955462
-1001101740848
-1001123799858
-1001071319804
-1001068135258
-1001126335872
-1001127047648
-1001124435354
-1001069297098
-1001082786972
-1001132682987
-1001090589124
-1001056070907
-1001117461483
-1001119752511
-1001091829885
-1001102770749
-1001149528955
-1001073089574
-1001147796423
-1001116161775
-1001132389067
-1001103851369
-1001132934483
-1001098117908
-1001123074007
-1001106863983
-1001074068060
-1001127048424
-1001073295597
-1001072793440
-1001100517228
-1001094542301
-1001116817846
-1001140085220
-1001041542722
-1001093329706
-1001032497222
-1001143877965
-1001102360970
-1001110222467
-1001128544410
-1001091654566
-1001093958024
-1001080553645
-1001142297420
-1001137465951
-1001103416674
-1001115340049
-1001112564946
-1001146923157
-1001066436242
-1001103582287
-1001106741882
-1001117077065
-1001095254027
-1001097144774
-1001063026465
-1001115404764
-1001116731954
-1001103642988
-1001118552591
-1001116261744
-1001145540925
-1001082533788
-1001096608874
-1001076215477
-1001059180756
-1001057617096
-1001111170647
-1001079938628
-1001098627077
-1001108235941
-1001108770006
-1001069529938
-1001090665602
-1001067908688
-1001088722402
-1001110692643
-1001106968016
-1001097699268
-1001101822885
-1001106473301
-1001084853812
-1001087660045
-1001064001766
-1001118585401
-1001080059283
-1001110358348
-1001112051300
-1001087895145
-1001092492986
-1001067194652
-1001052257374
-1001053261778
-1001105338593
-1001080763997
-1001106286483
-1001108050464
-1001076085398
-1001115303079
-1001108247174
-1001052104072
-1001103950099
-1001106850134
-1001083520877
-1001063272249
-1001076921788
-1001108519811
-1001100099887
-1001082135756
-1001117852853
-1001116807971
-1001115006046
-1001119792002
-1001077970459
-1001112193403
-1001119210519
-1001113043983
-1001081555491
-1001074428445
-1001119584345
-1001091157389
-1001101259979
-1001112836306
-1001057853945
-1001100381683
-1001102457254
-1001085931978
-1001117676320
-1001108398074
-1001102496283
-1001102106354
-1001102706074
-1001098124727
-1001052735061
-1001102969657
-1001072891258
-1001111703618
-1001087579003
-1001100042259
-1001113438628
-1001091259235
-1001095098502
-1001103509933
-1001118853989
-1001113438628
-1001091259235
-1001095098502
-1001103509933
-1001118853989
-1001123198580
-1001119154608
-1001100325736
-1001135801255
-1001078793304
-1001100042493
-1001115445014
-1001115338936
-1001146338600
-1001135475222
-1001064073931
-1001101016572
-1001069582636
-1001072650652
-1001102103669
-1001110552215
-1001078789125
-1001147221326
-1001108713807
-1001143019129
-1001105913546
-1001129755960
-1001131388869
-1001131481542
-1001073830902
-1001147818476
-1001095365071
-1001090822403
-1001122976853
-1001114007785
-1001091460456
-1001098011935
-1001126002131
-1001112512079
-1001101176093
-1001114435311
-1001087058484
-1001092356796
-1001147435014
-1001121739094
-1001141656878
-1001113980464
-1001114466550
-1001079916281
-1001087369565
-1001051751910
-1001118419580
-1001076183447
-1001080446550
-1001101907428
-1001066253580
-1001137981649
-1001138514623
-1001115367760
-1001128350412
-1001123010164
-1001116289657
-1001141725375
-1001110533262
-1001099324939
-1001065872266
-1001082724785
-1001134177890
-1001116042996
-1001072056165
-1001121796648
-1001123834002
-1001087658751
-1001127205571
-1001145304623
-1001110666523
-1001110801898
-1001118037975
-1001142465273
-1001113828100
-1001137491810
-1001119009592
-1001146590793
-1001146489954
-1001095205172
-1001067350505
-1001043348168
-1001051740310
-1001076487761
-1001077778370
-1001087369491
-1001149961570
-1001116264130
-1001114646731
-1001109482339
-1001117391098
-1001106726204
-1001093218895
-1001119395321
-1001137724271
-1001119522483
-1001097604255
-1001111051569
-1001079787942
-1001061514089
-1001076736149
-1001122259435
-1001094891760
-1001138623537
-1001103662222
-1001127466758
-1001123459455
-1001115073160
-1001024598785
-1001076294911
-1001092853816
-1001133655912
-1001105368394
-1001125355968
-1001138088872
-1001053115646
-1001112546683
-1001134393526
-1001059233483
-1001139958709
-1001109624073
-1001044526771
-1001129368320
-1001100869657
-1001087371580
-1001100970191
-1001124397449
-1001054887123
-1001115475598
-1001123586280
-1001137586577
-1001090870447
-1001125010790
-1001058382988
-1001117813609
-1001095679885
-1001126301572
-1001106686075
-1001112141191
-1001111760932
-1001131502708
-1001098809543
-1001105185821
-1001143282400
-1001133356578
-1001125000236
-1001123431100
-1001141317218
-1001104119476
-1001119535526
-1001113967893
-1001107594024
-1001140896758
-1001104141848
-1001121909057
-1001110381277
-1001131690037
-1001125988644
-1001096419714
-1001133677397
-1001122825015
-1001102475580
-1001132578423
-1001112534124
-1001143066833
-1001107820493
-1001059779014
-1001137593585
-1001115115257
-1001116083080
-1001116988961
-1001096505771
-1001130116816
-1001115056319
-1001099621747
-1001125112303
-1001107343131
