-183542392
-199519036
-188291110
-106389406
-210175191
-203652960
-206594833
-198710188
-198788545
-216527098
-153871287
-109486649
-189032161
-201268911
-198837839
-219039279
-192805955
-182815544
-181085836
-162195663
-204264224
-202243618
-192043477
-242839945
-247497784
-151826846
-226953319
-205911114
-214028292
-202973008
-204594642
-212343116
-222463381
-222759824
-185257486
-181262043
-190238150
-236520768
-185123153
-201950935
-225961759
-195723457
-239893303
-193785028
-227935862
-215888153
-183504596
-242737222
-245966787
-197152858
-220522918
-169748679
-230950038
-203006401
-45841834
-211661409
-179981536
-120840550
-236846297
-237540619
-236094376
-163647208
-224688534
-196833811
-195158899
-205250203
-213029189
-198377967
-216304416
-193309092
-168478284
-214270181
-187340576
-249324327
-218321205
-158645188
-197158822
-248592563
-212338133
-237221888
-240336248
-237999646
-214858655
-168485396
-197831975
-171867069
-206113538
-239663928
-119085989
-176478601
-194156868
-239863423
-63944476
-236235360
-214764322
-198158609
-241067652
-247166941
-215902105
-227279650
-204427285
-249311950
-195382340
-236233101
-193556021
-242947933
-158896790
-211778217
-212784540
-222214195
-188954860
-247781446
-208240928
-200467304
-227412487
-225942156
-159082129
-185927249
-223968879
-143936681
-144730977
-125902162
-216600419
-180581153
-178586370
-180832346
-212128329
-229620567
-241293389
-194955014
-223542671
-167315835
-164839934
-227282084
-209456566
-222184476
-131164866
-110379473
-243379735
-190811994
-190068376
-201900924
-247382588
-218171219
-12426551
-245889605
-220589616
-147836975-246068053
-246068053
-148041740
-225932967
-229684642
-234497568
-231920365
-205164981
-236892375
-188902316
-190942619
-32926457
-166548672
-198467329
-173051531
-214476601
-227244235
-210552158
-165466109
-174469197
-210138671
-200758127
-202336559
-194308706
-217874230
-215456628
-235649056
-209206740
-247526836
-202689521
-234115553
-208251040
-150988424
-196339741
-209851324
-232378723
-214633541
-194327155
-234648488
-214567430
-218594354
-151202727
-204319832
-204164723
-158649947
