82267967
313330957
236332308
315206048
134484389
181592292
325200965
371400855
277780793
145681324
256861772
257854157
198835395
202816060
170126983
220316965
84795307
300360749
339681390
47888620
242203340
283427904
155894620
304343277
337776503
213610087
194225227
271711405
210799095
237012199
308444837
281710820
41012013
300459605
165265775
185945992
242556096
245938634
328765287
202280031
263520711
120545527
379165212
283392246
232519909
315571907
275017368
184053275
190067014
240965504
256001195
252808195
311526009
121439814
331718545
151128922
132877723
307816449
245224276
219837559
233059560
132545584
334137435
321673700
270665807
70385517
295811946
118909445
307836927
138491720
94265082
166239076
177747196
137460494
257398464
211589274
121283197
314185788
268957811
153618455
287560616
85187729
117234324
263997736
378922967
166381545
244363109
353343969
190691492
298836128
147450818
164359914
241645293
190647723
123875165
334867165
122099838
220094923
299196475
84642816
184873175
260167614
271780801
214758789
254751985
230638193
251241086
193930120
359519888
195341310
120741730
313376772
269643933
63366548
192261619
138152256
114691834
263383622
139328010
89122894
65591405
137201851
302480925
174716297
210301632
235007211
84114341
354981292
282784507
276953746
146700990
102384850
84718709
162029411
151822966
140924757
247652169
165382880
126628854
287084018
78389850
118624316
287000320
169347618
75825022
255872558
204580010
262130675
196574986
198478883
81125626
330588004
195996857
338679204
105200103
209159709
93428869
223097439
222074082
132316884
368871010
335087482
233787011
118856708
118304260
211134691
250605786
346364262
104698034
199709140
199526907
193279500
288293081
355257899
278167236
232377593
319654479
324642380
220105708
289321227
373478503
316959201
255698853
190594304
339812803
304266390
160968853
174187133
149769155
180267779
288299002
330839883
328881733
353997983
195370770
212925119
374843714
191285050
168058504
232467267
161801962
318057096
358368576
252203957
114470747
120538814
247529090
227571169
236120584
357517967
158687094
247468996
368977493
179898486
234660962
292203398
106267801
201412720
138090282
66692641
246244335
276613208
229159348
107440046
314701834
196507763
252410120
327461533
150160942
109345948
777000
251792604
210349917
335271539
158729527
275027926
319866453
371364735
341086669
307255001
357847735
274893448
119254980
336312160
359300975
377781455
245426370
66321932
153988802
116039382
260925582
240234140
117260691
158896924
260864889
349251249
285091106
315254212
264813878
119630989
375685186
373272187
373634405
311185252
202161988
293517835
127165321
318828700
115335674
307368902
193573862
1165472
353589110
123507825
378725271
333372856
186102888
95942923
135019937
123755887
366531193
247134702
308218502
112235430
158343929
191352290
160245730
321064112
164998666
396537250
337989420
259182123
169675040
367789874
244870506
240260473
127725070
110413032
95333424
75724306
281627323
297132769
119707014
209713825
9353209
148208176
263217766
90708828
224409842
198726079
258283373
350659541
154800498
254166250
360317042
173053335
286238722
162305520
176043612
339586661
139085152
342293523
394005841
94527311
262428085
173758780
260805687
251816002
342555618
123589225
287359992
189639606
336787171
243645271
366626141
138938064
301534224
302542417
243088298
375766523
256319824
351884604
167358053
253632957
282938370
295387786
95134438
279301476
235725547
59254463
299294359
148750243
109633518
264642020
351670995
225501207
310414263
82924547
164884632
95313884
321300482
212891916
153836879
358033790
318106218
115607694
114145391
359285883
69591125
272229623
368624818
106228761
265037992
272557502
322676418
111343930
293208866
144211215
90196257
149184091
146480433
369132550
347248626
233639841
181287184
117164230
103358505
186159382
93505104
330713039
351445587
92270080
264405340
138046491
139790108
306696280
337760707
263503449
257909090
371603677
361920669
201704410
249684571
113546848
203534146
345911207
359509836
335366363
246225267
112462430
246358422
146885624
201992021
322428310
255152605
90639841
309651304
368360239
300502785
242258378
378336007
275359042
316708491
75040019
388530794
276216059
339417739
363042695
368002740
90246777
258745819
259019897
103765092
249116887
110335307
162052140
152924323
265455450
70907270
343427626
262402171
216702565
169794493
198386966
243020852
315635261
308333272
357626630
131605766
352192348
259597180
169338419
151141678
346145450
97523836
183196657
334715306
345235703
378141562
176817049
277194543
66393642
237873825
226546105
186838787
335449047
225257526
101031640
323416824
352515939
316009657
105938613
125921678
259760590
264832315
236218979
284886550
283015119
208511958
199639017
361342257
196499763
315989742
219938703
326634924
133461837
353970331
298847266
88397454
292106662
353977064
160617113
115567529
112381715
169294789
247598721
96816208
378520383
129199060
100605982
181149860
95205617
358925812
224788540
347839233
377093648
367604107
197524776
307483595
228823977
146861971
176900371
360048851
361807712
222447655
209755861
119281221
92385458
104130699
348628590
363453602
293358235
107327206
212663037
258913714
219727489
280123606
355655592
254765775
293704927
354408386
45784831
294408653
253292246
316275972
200713892
104765240
150817505
307657289
338014780
390736892
365607704
356124556
229328326
351883905
368488045
229375097
368701146
108480518
339859410
353362206
267852226
292948546
261807269
324067584
363913632
357360566
252530097
356951382
137899821
375583315
127031234
374777073
108199640
329838802
321353263
321238573
385548384
361752769
180805317
172017946
134986759
308221019
251922145
310980247
227686725
313503542
277199045
219351285
71428292
327953063
347605316
94514045
150247996
304061709
231276676
176597208
321200605
88694316
388051341
154666032
358719996
332120723
322600202
132166511
171130617
365576694
347374182
366790131
310598453
175717468
304032756
197057252
85613634
336785305
131066748
265129565
329464875
168257064
99046833
158623991
292774407
295147732
298700221
337910039
339775420
354750903
132317092
349342414
194232385
298579587
339183800
358855773
53686077
330673413
76310093
351087645
267279295
29110580
319332599
287396290
326785057
243655432
366133761
221335396
357336550
307916660
263791283
315017219
321880013
82931913
233704129
272889505
300144959
266151360
345122116
181305196
177271421
390811785
336349758
124133694
299571826
362635988
36960550
135292033
141620381
221554202
232609820
96335359
257522033
109878925
243850571
169773444
240721978
350026274
333569441
375832258
334398234
67775010
107965825
230923422
129823433
376454558
226326781
349579623
151342290
73656230
291714659
341635698
105971051
112557563
360745230
232792554
199087513
228177616
124386244
350913719
279053466
112793156
333134700
302300816
274720435
96113956
333010893
374649523
360088830
117417520
117167450
151233734
291546681
348487838
377560380
264614462
116973223
201482133
262344168
378785953
167346446
119866691
93676072
361617570
364044238
183132652
368313493
107555517
169643123
167846841
335127978
374119919
115916989
194773203
371822243
296668836
325181597
73321933
330629003
330372493
139213745
264011840
307473483
358182249
294190721
75321713
318094350
379900782
371532231
345501981
318687827
342766247
171168570
135511889
219701485
335104675
305952084
331994543
202408550
225264403
148404099
147195218
181095819
284892776
356502440
353052441
365226200
240063267
353191801
291909076
139501039
140522183
244038451
235292489
186439874
333318655
43656678
157015662
283509759
102543731
366185689
170720422
120359827
236555781
398876451
125972194
346183119
179547636
181257187
307424910
265648040
133844491
341903633
340723529
381327951
266254731
377221373
128947964
354096389
145310335
186180662
80360694
234740631
217608312
122896619
89426284
334343390
197028844
332737275
325384922
157817569
310430105
117137812
123745725
196518789
277583777
352155447
107969450
245624288
328188156
57208890
152752151
101554422
310972063
259934972
304159023
150405844
135527417
224549270
144950402
312783277
308666636
121699766
296132617
93614052
181956499
399859652
347274147
143824186
237322190
125931601
110846700
244899236
234299197
245542090
335344288
341886171
361133906
124265727
174614370
113602165
275050412
79719839
378907697
243411882
246212075
185629151
248173610
372150096
314330061
372100821
362056233
81214081
35207108
375263372
151202435
191453869
324431497
236272693
307131277
80595607
234429251
344827093
99340205
260947211
238971677
153213660
351278398
95514252
262949708
273621602
208872290
155273008
191407479
309684075
106728244
156779240
316475103
155294499
191439523
259448700
312143319
382594334
334723703
72270082
313786070
350592814
309289400
238380056
368201988
292946048
158871174
195491211
362868334
348427572
263122164
354506908
88385498
221991358
135386776
378126720
230924882
378415726
94671706
92128337
349020405
325510310
326622716
335446371
254765103
143445776
298561629
173782063
229755405
284929016
146057691
374229082
378780741
376312113
177891016
184894855
340099598
256708828
177788037
280887272
239077138
333989335
126040034
70661726
369443813
309693992
87201861
266930812
99508805
288271132
332138442
319036690
164438230
287910175
368293771
315403891
369642256
322231671
353626497
328424961
285912428
99035052
196105298
112880111
198475431
232170848
175014056
113117601
116846490
179059429
149125759
312072445
69181995
111715365
172424615
105731719
368846494
307491188
312656592
348096275
155420133
119873163
133358121
366207686
300594972
86885180
91380910
283392714
80559799
341175290
294921373
128017551
191405724
295239620
252724345
326034406
362158445
241650845
310292603
372858481
258767947
117880361
194189176
312392287
120573889
107951505
304589969
310573153
334742357
128306732
325777122
289970489
177864229
347533917
265909644
332230411
347207731
285505283
196920327
125328857
359981929
307899133
272950384
86426095
242762732
235914142
374311949
91563987
128322360
162252850
205162389
218861090
341266097
91011634
130062115
390285819
325863971
280404808
120494656
310224460
398432736
337826350
208144705
255864043
354238402
256458119
124411095
364084384
320592466
224270678
133554902
107307308
80753408
234594647
176576098
368983609
37723485
208537601
86565994
264249421
118400141
309873427
125004896
192485840
356721832
261996254
169359751
99285250
199789691
344372760
163853596
261346208
271694631
234579082
95735558
335050757
70969761
331015728
76145819
154459905
348038779
255270477
133469761
242999301
185534899
253296433
329724077
284424074
248639158
275460957
290989609
316544548
186821915
342130707
239762139
118589926
97345390
342346696
150266943
379443721
132076526
301984251
192075227
284643524
124081204
337162054
153732935
114787658
138709947
348363279
252477798
250510877
65637455
242397376
328880551
276992673
205663691
334658057
279999743
250289979
139858591
286443937
376515215
311063309
60228332
150048043
218535948
328130490
76905468
234240699
243013132
101847903
255921853
251184365
312154098
114979068
93535938
166921378
284134473
75688683
183099338
103482115
136274004
230633259
348500790
231941349
259670290
332078866
134160479
305941305
125616560
199331331
92461735
287374525
199184173
40914585
313753111
175655941
144951018
133620683
292992033
264288595
237055479
112123627
172217591
148022772
295849445
317581679
316027786
296907426
341035694
117219017
376701888
377684143
298425744
150398344
379511539
112989864
209197396
150651170
315026140
192563772
258046647
389302942
181816831
316040287
348750133
95302569
270422266
100378506
359574501
248954041
303788195
329436624
224476145
135402346
285651927
117191691
281904257
265281514
272225522
379055103
339738855
137473177
156233953
163409749
192397333
264709391
115923648
77902685
353594773
260660966
92550197
201915933
124298135
256183948
300421761
191353921
220330962
134280821
263769266
299615964
357425901
293222271
380253735
318549950
371905782
299289272
230308332
304578160
364889669
332621943
121315021
312745973
344096034
236325755
119581266
168582635
367299789
118190049
181282255
91872344
310474293
195147466
342871627
258765360
201298369
131833827
302563653
246620940
124933815
290047772
394651980
248118874
102852037
274650120
118541619
334472376
134747396
111606963
325745111
70634065
357719769
80287174
78072081
139468995
139691297
304904569
258023035
205408589
351264390
94868855
185473519
159825056
315588516
247061777
171638534
336634247
259051124
340981468
248555019
191470634
266121398
379668570
202654730
200631609
341963238
88238671
264194214
132739867
240498814
165786715
390887141
102550492
252138037
343910970
41737531
332489152
228272446
137017298
112588911
175277832
160901595
329397652
368872132
106811238
107172014
102652542
128866580
289120454
110410916
389568669
95579984
353700290
169848216
307618390
368062708
289181569
150166036
269145727
331709816
355864128
326943250
350915848
133236755
164074027
371511383
333938778
373462279
184128701
231691246
273748865
294283585
313116772
116688091
371755995
338194174
357189535
312997908
99292778
211366695
197400381
49778990
285928049
221539719
381360773
137654878
299150027
152151280
74212973
378279972
294375216
3847731
261996832
194733471
187809831
392629963
158167867
295192380
293380153
299350033
371605331
342306422
112023241
152399281
98599803
208767438
238620802
117604667
324781141
92833437
146235501
321894674
207006778
376737390
305444965
168605481
365884968
301515251
314788799
332309075
231264179
204449516
228787686
124392197
265672616
193843724
320337483
354786566
219197486
288323539
328550415
377736802
373104213
91335568
168244464
264744725
310249093
379834972
236917462
286807889
249293234
106695770
340917986
358592148
298975969
350553122
370452251
217132180
289621902
155348707
239208250
242145919
116770250
160071866
83366906
345560321
361406800
107788975
232804118
361291529
284797041
195945404
261646146
113851951
362862795
376950702
234637493
116110225
331606326
39863519
311200907
329066234
205932824
243195574
375368699
126412232
187111777
207276800
250785771
175764699
376777261
356000496
362561552
112159379
347997537
169438282
203472711
225728879
316095050
367196850
119456602
281536635
378954036
235134146
327541089
213708341
287460484
106660735
345769900
204633228
51005869
261956695
326542886
195462748
244209935
212726540
109086363
286589138
353962267
313330498
328288580
301241542
218152319
223590365
360458416
360874795
174464700
324823691
263891067
398431320
278165900
314929051
368178735
357948717
364531099
313901816
213736537
305890722
226379552
376103611
375235277
321308216
253497686
105957029
163377121
171152820
369994051
228607822
112996249
279783745
126329159
205320190
322728193
222651092
211245527
73225233
79865758
193538486
120507739
195027523
318513503
328989626
201827764
235437827
337386870
297169377
67034959
283862574
330353257
199141575
274779968
330013808
332251577
349381758
366798729
344903238
222987825
365156040
148455041
289308193
339727079
185141468
290432623
366751962
122646718
113439107
139067168
272068484
232845558
218183909
268877580
375857859
244060495
298140581
78284817
63087351
371892938
131606793
376653166
137953615
109292418
257225855
129136634
127347299
188479854
396779688
295180245
185483508
162612653
336341256
232974145
138903787
108269982
353422907
369663022
67924037
43287522
373933501
69542654
